199
43
232
864
-448
4824
-699
-286
-448
-848
206
801
42
19
308
-600
821
221
-842
-421
-149
-294
-414
662
998
-288
-222
-444
220
29
319
-928
-984
-421
-882
661
208
-828
-826
882
-24
-62
911
-400
849
-984
-821
-441
202
844
929
-216
-189
-928
-662
26
-242
892
229
129
144
802
986
102
-469
210
10
40
-628
-420
226
-855
-145
-451
95
-215
-555
-252
409
225
92
-202
-472
-449
-250
415
-104
-554
-124
545
-429
155
-925
595
-549
-414
-294
995
-521
959
445
142
-492
-942
420
454
555
-407
-222
272
-514
259
741
444
-109
-552
-224
440
49
-402
-447
951
-725
-751
-444
512
59
-911
195
24
247
-525
103
259
-447
222
942
529
-991
-720
429
-525
11
209
553
549
-194
-54
225
-955
-999
-544
944
295
-949
552
-522
452
915
-149
424
172
-404
-752
509
572
407
-174
527
-574
-215
919
-245
-452
545
152
200
527
-545
102
424
749
492
-595
525
-45
-555
547
-400
911
452
-974
527
424
595
-454
795
-147
-451
414
247
-745
290
775
-245
411
-422
-590
-597
492
999
517
-152
-715
522
-22
-254
-590
-515
-454
542
-214
-515
954
-557
-205
-205
-424
514
472
596
944
-511
960
-336
464
515
-199
646
336
-535
455
-556
-345
395
409
343
-454
-3
145
449
-495
563
-443
446
145
-594
-133
-455
614
553
-534
341
633
-530
464
-459
414
-344
-153
455
644
159
459
-306
590
440
-635
-304
359
414
-13
-615
954
355
33
605
911
-13
-546
-195
964
654
454
-913
-645
653
153
-354
-696
-954
-43
306
-413
-944
-593
191
-533
331
-430
406
356
335
435
341
-490
-465
434
-463
-433
-649
935
-355
-503
-10
464
-531
-103
935
-543
31
314
-441
510
-363
-495
135
331
-541
434
-695
-433
-433
543
-550
-315
-403
350
434
144
563
515
-444
-305
-563
156
654
-615
-115
-353
455
-345
-433
545
-644
490
-419
559
334
593
300
-554
-444
-906
-469
-633
-651
-115
-535
549
95
-336
-455
-391
-493
-353
645
-905
-995
153
-66
-335
403
343
-343
-446
-661
466
300
504
-656
-405
303
-945
-631
945
-363
-953
491
394
343
-394
-349
-330
-431
513
646
550
93
-551
443
-914
931
636
931
135
601
565
-35
-304
945
594
996
-359
156
-951
-944
414
-345
-606
951
-959
-510
544
-695
-351
440
-55
-135
433
193
-45
-335
390
-511
344
359
563
651
419
464
-549
-393
-413
190
-559
-644
310
-14
-545
-555
-591
-449
491
405
-544
-439
-465
-54
-354
503
914
-454
-315
-143
504
-553
506
-545
-345
-431
903
154
-464
-419
-300
335
-111
534
646
165
-534
-934
-546
422
449
625
92
-205
164
422
604
264
-525
-464
-529
-492
649
-951
654
912
-456
-524
-652
-699
-529
-595
-592
-426
252
406
-409
554
-425
920
55
-124
154
555
145
-954
545
210
444
-455
-229
-2
-250
-452
901
221
-915
-561
255
-222
-551
450
-422
-656
20
-122
261
-124
-402
-552
41
250
-259
-154
45
-654
229
404
-641
922
629
-912
522
260
504
140
254
-25
-410
509
502
-45
-245
-225
211
942
-505
92
-224
-965
-415
-294
522
490
-546
-411
990
545
-656
-454
-545
-522
264
-601
-940
414
415
1000
565
441
14
-442
405
-25
444
-566
244
195
405
-999
-465
-594
256
252
-559
69
994
925
-492
699
229
290
-546
115
-445
-424
524
646
-252
644
544
492
-445
646
-442
251
546
144
-594
516
456
912
-224
125
-922
-494
454
-242
594
600
965
-564
-444
142
196
426
225
-145
-199
-524
990
4
-462
-95
290
-159
-410
222
-654
-510
-540
406
554
-414
549
25
551
550
-124
429
-592
-959
-422
196
-441
299
450
-556
-519
-424
952
419
-944
-242
-422
-992
-206
902
499
-294
45
525
-215
-642
201
565
-409
225
-494
-25
402
444
-441
-922
442
-519
-65
454
224
665
560
-612
566
-105
-416
95
554
96
660
902
-499
-564
402
441
-150
-902
-492
495
15
965
-626
-65
-402
625
-290
-245
260
-6
-465
995
545
122
-422
-924
-452
-299
-442
451
129
440
554
-246
415
-92
604
400
-529
925
150
409
-590
-450
-662
496
259
514
-245
462
926
-216
225
-502
-222
221
-96
509
-452
-452
110
469
652
455
-965
924
210
-495
-945
542
-94
411
142
-454
-960
455
252
-205
-452
954
-244
665
-454
-209
-524
944
605
426
46
629
-944
945
444
565
-611
-201
-542
661
-929
-452
414
-966
-501
-954
249
-456
-445
-652
262
-54
212
55
111
924
-151
-556
695
-401
565
455
159
690
-269
-192
-925
-522
-259
445
440
-922
-401
-649
-5
904
59
-459
501
-424
242
929
594
-552
-644
609
-420
265
664
-664
541
504
542
-292
-454
152
-99
65
-546
-645
-609
224
640
-240
259
-905
52
-5
-451
295
-441
126
-950
-999
452
-254
-214
-464
566
540
624
-254
-542
-422
522
524
-255
552
-511
-94
-622
154
-545
-161
412
-215
-164
-945
-252
-521
-961
92
-649
-551
645
-444
-519
295
912
952
-446
-496
-201
-62
255
-22
-542
-424
-22
402
561
666
-424
-646
-694
611
449
226
-564
54
555
504
-119
-51
26
512
454
-406
565
54
-466
492
421
451
-992
104
-62
-449
-11
-512
112
-299
-129
206
24
-502
-242
262
44
54
642
459
-965
-454
524
-602
-446
224
-510
111
144
-41
-541
-256
554
449
-25
405
451
424
444
125
694
664
642
216
425
-61
521
612
-659
929
955
-940
944
-65
12
292
-422
-452
444
905
29
455
-652
-656
-240
-241
-154
951
925
-205
-454
544
295
-516
-916
-940
-455
515
695
-104
219
940
405
-519
45
205
542
414
-222
-290
206
-65
-512
-1
-510
252
-296
-400
609
542
-999
990
599
544
-455
-145
-122
-922
569
465
542
524
954
645
-252
115
-254
-562
422
-566
510
-254
-600
260
-566
-661
-292
242
540
-50
654
-425
-155
-449
-442
502
941
-942
-26
-405
-942
-444
-651
-559
-462
450
-522
-529
-620
-245
192
-562
-425
-622
920
450
-445
-954
-952
-546
-209
594
-265
125
-549
256
-495
-544
555
129
-454
-961
-999
-451
-624
942
-565
420
-109
-150
456
192
-941
444
924
-215
22
-464
404
-425
102
194
-52
52
-214
-961
622
244
254
-42
-460
-664
642
-952
415
-220
141
-101
-945
642
-442
-540
190
202
-125
956
-665
295
-454
525
-254
246
-192
155
19
-510
-212
496
-550
-140
-952
204
649
566
-552
-425
-601
44
952
-221
-654
-465
-252
-106
440
450
255
-422
102
224
-40
-441
-244
-222
950
64
225
652
-604
564
495
-542
456
-210
591
-401
904
-545
91
695
-15
-525
-290
250
544
-450
442
416
54
642
644
-45
545
555
-564
-556
100
455
542
-10
-121
-509
105
202
991
-609
-414
-452
255
-402
-906
-259
-252
421
-500
-294
-922
-265
666
-155
455
219
140
-525
-202
526
215
150
-551
922
-644
965
945
-905
-125
441
4
-162
422
945
-459
454
142
490
125
-442
422
505
140
-550
654
-545
-451
-594
-140
-599
525
-405
115
-450
-525
190
-244
-422
161
-465
509
-419
-255
-46
-412
521
-20
29
-452
144
-56
-690
-525
402
-455
-661
525
-25
425
25
-441
426
521
546
-661
-55
555
-216
429
425
-695
-265
-592
245
599
605
-545
200
164
962
514
-492
-205
-424
-494
-26
906
-444
-654
251
445
-521
422
-452
424
-622
426
141
-102
-942
420
-621
-524
-420
-255
-205
242
-599
942
260
-424
-225
260
-242
-496
450
950
-204
452
-59
220
511
555
-242
945
-546
992
-911
642
104
-494
529
-924
641
-644
-491
216
-592
290
-44
-12
-622
144
122
222
-425
-420
-15
555
-259
554
-292
-65
-944
991
259
-140
-555
966
-422
255
-954
-402
404
-415
265
-56
-501
-246
-449
-609
142
-542
964
-22
-156
492
945
422
-14
-214
-592
415
150
-422
-144
-616
51
642
549
-211
-222
-244
1000
594
-442
445
454
-456
-264
-542
649
464
-404
49
-466
-456
-144
449
-640
461
-449
15
-40
-442
-954
595
550
-404
-424
-222
194
-400
-202
524
262
-454
-111
955
-402
551
-502
222
545
-60
495
505
425
-410
222
560
-502
-225
954
644
192
19
155
462
219
-194
-509
245
225
-991
255
400
905
545
-25
602
-166
-502
-16
565
206
-625
521
122
-641
642
-519
255
-220
140
-259
506
14
-544
945
-569
115
515
600
-605
-226
246
-214
-241
444
-514
10
569
410
-540
204
646
501
256
544
546
-521
-422
264
-529
524
-104
-221
-642
-245
912
-529
204
52
-694
224
200
-421
205
242
-454
24
-259
11
456
244
224
-241
-45
544
105
521
291
-526
-112
496
462
-459
544
566
-455
-664
-925
-442
606
-229
240
100
649
244
-545
-901
-914
-506
-44
445
441
919
210
425
52
-449
464
-565
-699
260
-552
120
-224
-206
654
-542
526
622
-515
-109
-1000
592
-540
-526
-12
-622
-422
44
-521
-951
520
644
441
-154
405
-259
-552
-445
-425
644
125
494
-500
602
-246
-609
560
-454
-922
-401
542
-512
922
-225
-155
-694
456
590
-926
-244
-216
-260
655
-651
491
205
-215
925
122
-221
461
-250
924
592
-961
-604
-554
-426
610
-405
-42
500
405
-222
-569
291
-520
-596
-154
250
-142
110
255
-66
-542
455
-611
546
651
-159
525
125
-291
104
220
-444
426
220
-525
-492
-56
146
-225
-990
254
624
164
924
965
242
951
515
546
-52
-296
-461
-541
424
595
-245
254
296
-511
491
45
262
555
212
-459
-295
-690
964
154
-626
646
-505
-904
242
244
255
-405
404
424
246
-29
-500
245
-945
249
-552
625
-504
290
-299
-596
45
-264
-126
-205
-494
-659
-516
-451
-290
554
445
-595
-499
954
-555
-222
-10
62
-105
-12
-244
-262
910
4
-446
-21
-446
-196
-512
-499
-504
562
-125
-615
294
-469
422
-655
426
-249
-542
245
22
444
-425
-491
924
-245
-551
249
222
-652
-254
946
910
145
-294
461
-956
610
-656
1000
990
604
640
-222
-429
104
255
-442
-229
-492
215
229
-441
-144
459
614
-221
-246
552
454
645
-512
291
-254
241
-505
-906
122
206
-696
-122
544
559
-691
-415
94
-564
-242
446
-402
505
-244
-402
262
-24
-904
456
-552
-566
-224
454
-444
524
-951
21
-529
162
444
452
565
555
-440
169
592
-945
-221
-264
259
-452
154
910
-140
144
-904
525
242
-640
242
-404
-449
-422
669
-604
-4
64
942
-152
-542
912
-521
-514
-546
-929
-641
-290
426
-292
459
-404
599
-509
209
-566
-542
442
229
541
-649
-252
-465
-492
164
459
250
542
-525
-564
455
-245
550
916
-422
491
-666
-605
-546
500
554
224
124
454
455
564
555
549
-455
-242
256
-254
221
659
109
544
-245
250
454
-124
42
-455
-420
-522
-456
54
55
545
949
646
-164
-404
-419
452
225
609
422
224
945
-224
254
246
-546
915
-254
-422
-245
249
949
-202
651
555
599
-551
-522
25
656
654
225
199
522
205
-262
-262
-562
404
-955
225
950
462
-404
264
-645
-159
-926
542
-902
-294
694
-255
-455
-444
-924
622
515
590
-545
-506
255
660
-225
291
502
-452
245
102
-626
-222
-444
-255
-52
256
-52
-244
215
-255
-449
250
444
445
-492
-50
-591
-596
-146
-956
251
252
-554
-455
-21
445
-464
-592
292
229
-654
-224
955
905
-15
-255
496
-542
445
-992
-416
-124
21
-149
-14
-640
-925
-445
110
-194
924
-445
162
-161
445
952
51
225
-455
-449
441
-94
-140
561
95
251
-129
-410
-909
-959
44
222
625
592
-441
559
-604
-226
662
55
290
429
-421
-506
21
144
-261
265
605
154
525
90
-525
-959
159
-922
224
229
-925
420
-622
-611
-625
54
-995
-455
-546
-116
-955
504
-142
21
-126
555
514
555
515
-415
-669
-441
462
-205
-620
294
-402
-454
122
-940
924
956
442
992
442
224
460
-14
-696
-149
-444
651
214
225
920
-404
-940
-492
441
-505
666
-6
-526
522
-5
-256
-545
692
552
662
-450
-699
-545
-955
-444
-265
919
544
-925
646
452
-466
-219
224
-541
-192
-295
-405
454
245
542
-44
455
-52
-229
222
925
459
-564
459
452
-29
159
165
-412
294
-904
-244
496
110
-429
494
916
502
0
244
240
-546
-564
-455
562
901
490
941
-452
24
-429
-422
945
421
42
-642
-142
-26
915
102
54
-254
121
450
544
455
-424
450
-551
-249
-449
-469
-421
455
940
660
646
22
252
-66
-652
-522
-611
-210
222
442
-525
-950
694
455
-621
512
112
-625
24
641
41
-524
-916
-90
200
626
544
-422
669
-164
259
-420
655
-229
-220
449
422
-521
211
-192
-922
295
-425
292
-244
954
-499
290
552
526
-450
519
924
-592
-420
446
-254
452
-629
269
429
-252
294
-26
-194
165
624
-925
-552
562
-242
-220
-422
-55
242
-916
-541
-546
211
-502
124
922
20
455
515
122
-529
546
545
444
249
-151
-695
620
922
-525
214
-516
-202
-562
-246
-549
-425
265
122
-220
266
-144
655
-429
246
-201
-954
245
626
-100
-642
-992
209
-442
149
-52
59
265
-461
691
-921
42
404
960
552
551
-545
592
-921
-429
-154
-20
-929
-161
-409
-424
624
-620
-551
52
-921
655
-241
645
995
-125
124
-524
-540
-944
-45
-155
441
54
-415
-452
-54
-22
904
-645
544
-642
-49
996
544
-920
515
-42
-654
-469
109
-220
-25
-214
12
506
-142
265
-514
-4
501
-942
505
261
-111
-449
650
415
544
454
212
-445
244
-559
215
149
-211
-924
149
-420
991
145
-555
-241
524
-664
-444
-4
9
465
519
422
495
692
510
-462
549
-214
124
624
-161
-511
446
-424
-420
-524
-294
192
55
-62
225
-462
591
150
595
542
404
-200
-909
-501
-40
242
-25
-46
452
-501
-240
2
596
921
442
-219
542
941
-551
-515
-655
216
-556
252
-926
-625
-255
495
-245
526
-1
255
655
116
-545
-429
492
-640
-564
-202
212
-260
-421
94
-904
512
-225
521
519
542
-925
954
-240
-149
-251
994
252
-646
-441
954
-42
-552
120
-52
-140
605
-555
-144
-240
451
904
-100
-420
-522
10
-241
-49
-406
951
259
940
422
-469
-42
509
-194
-461
-459
225
-295
-244
-225
-429
114
-120
244
-509
422
616
195
-660
421
-595
-241
-449
-21
459
-251
-165
-421
652
604
-604
-444
155
-224
405
-941
-545
555
-592
52
-252
5
225
-262
-996
555
442
-520
-556
-959
642
-644
942
-144
-90
-926
992
640
221
-251
-269
-265
510
-292
444
629
526
454
155
416
401
-249
-646
-946
-544
-29
-20
12
445
444
-690
259
52
-265
625
-496
656
496
645
-442
-225
645
495
-14
-294
545
-450
-564
-624
924
-205
420
-522
502
564
924
-955
525
625
-551
-591
-241
556
512
951
400
-625
54
229
425
552
244
990
645
200
444
562
645
-216
-226
-222
510
150
224
911
914
-405
22
209
-522
-229
422
-451
194
-541
-524
-650
-110
-250
-222
412
655
-411
545
-699
-24
-594
452
-109
-622
224
-112
-12
569
-295
-499
-201
-664
645
-922
204
244
101
299
525
-945
-452
250
-529
559
-126
-665
562
459
596
-141
556
-261
-525
-244
-144
449
525
-60
-500
244
645
-224
414
-545
169
5
905
-555
-65
-525
444
424
-422
655
422
164
454
555
542
-641
-64
114
26
250
964
-242
-215
205
445
202
-249
-55
614
266
-655
455
195
-94
-464
12
-542
-426
945
692
-225
-924
151
29
446
446
254
-264
452
-561
-225
641
545
25
-5
-442
266
-142
56
665
992
-915
-444
-661
-625
551
-425
-915
492
-469
-592
546
-254
211
-964
-24
559
194
-540
545
-142
-201
-492
642
442
-501
919
-405
241
-569
419
640
-244
-250
524
222
524
694
-642
-21
-592
246
-619
590
-942
-649
492
-962
-592
225
604
-149
-651
65
-462
125
449
129
624
422
-551
-545
-421
949
440
-225
-996
-24
266
-92
-512
-49
-422
-44
-462
50
559
499
-555
244
-462
4
454
404
-511
-245
-155
-124
-404
-544
455
-640
49
-522
195
946
564
992
126
-15
411
295
250
-44
291
-562
452
-455
425
-249
405
-652
-445
145
495
699
669
-51
662
226
921
450
544
625
412
544
-619
640
256
540
44
-212
252
222
-141
-540
162
95
945
-9
422
440
506
-405
-655
562
-290
-211
-605
-265
-202
524
-659
-412
546
414
-120
551
145
64
294
562
122
526
-411
116
425
-251
95
224
520
492
-542
-542
-594
604
-291
40
-541
514
-144
419
-291
60
909
125
222
-140
-246
-405
99
466
-440
-520
541
452
955
942
221
645
-410
522
401
-944
505
954
-40
-904
691
655
620
10
-555
-442
620
515
562
269
-420
261
520
-440
-22
-240
-255
152
425
254
246
22
-44
142
-44
629
296
-121
422
251
-902
-259
-561
-250
202
-942
424
-224
-240
-241
455
424
645
-454
605
-941
524
525
665
451
-41
206
-295
-42
-944
-200
520
-456
242
-169
-402
945
124
-524
541
422
955
506
411
924
-225
1
444
252
-22
421
-224
920
499
554
264
112
254
-162
409
-942
212
169
255
-912
455
-90
-104
452
-614
-559
-52
462
-229
629
-252
169
912
405
-254
202
-264
50
925
52
21
412
441
494
256
561
90
-542
-4
-214
144
199
-222
-104
526
-224
-552
451
902
961
-504
662
-925
65
41
10
12
-245
-925
-244
664
-949
-554
425
-645
-252
924
-269
-124
-569
-521
559
44
924
-561
45
441
515
-54
-109
564
-652
-269
14
-544
214
-945
-592
150
-604
-499
-24
404
-296
566
295
-454
542
-246
-444
-662
225
241
-919
-95
-1000
-212
594
-990
244
662
141
650
420
-455
-425
-422
-452
424
-26
4
445
561
440
-120
-125
442
540
255
-114
-64
22
-251
946
526
-255
552
145
546
195
-524
-692
-56
-50
524
22
-452
-4
541
952
204
-429
-545
-9
-465
91
-616
141
525
292
52
504
244
-55
-956
-265
-540
-955
215
-215
-694
692
-520
910
94
510
-502
-160
-656
-555
-106
-451
225
-940
565
-105
519
499
595
-449
-51
-201
222
40
-495
150
565
-615
-422
-545
241
-402
524
245
511
920
-929
26
-925
262
-51
-254
556
-202
-59
-449
124
262
642
956
246
595
-22
-522
-956
-256
522
-225
-962
255
-590
65
-554
694
505
-960
-924
-426
160
529
924
552
-605
92
55
-465
-694
912
159
504
-549
691
-452
-656
991
-249
-941
220
44
-401
-214
-229
22
-559
-562
-992
16
591
-912
-125
-225
-205
525
-454
221
-442
104
-510
-256
-955
-242
-146
524
-244
660
242
914
-919
952
904
555
422
146
95
22
-521
-551
-242
-142
264
-441
422
214
-252
-266
642
-955
551
-445
622
-945
-456
-255
195
-249
259
-105
121
-654
-266
419
44
59
-260
541
214
-424
619
-512
-240
-452
211
566
-422
-104
292
-450
225
442
14
451
-512
245
-924
-659
-561
65
612
-524
-244
56
205
-445
-446
445
-12
-1000
-240
-915
914
114
224
519
955
-541
-245
-924
-254
-504
-555
195
-52
445
-264
145
424
900
254
459
-410
-652
562
-202
-152
-445
-522
42
-995
29
-941
522
-262
-506
-415
440
-595
954
262
96
-495
14
-226
-444
-64
-224
244
254
-141
46
515
666
-445
252
609
414
-122
404
-450
-225
-222
241
-112
-526
-425
-592
-499
-254
299
-625
55
252
254
216
920
-459
424
424
94
210
-196
12
-455
-449
21
420
-552
659
-290
215
-409
-221
-242
-162
-104
129
-416
221
242
-449
-450
-244
450
452
-542
1
255
-519
459
424
925
146
-626
122
-44
542
942
-526
966
445
-44
120
-442
660
569
542
-550
-525
-944
911
-542
622
-151
-515
-159
-925
155
-154
-242
626
66
-945
524
-911
-990
-266
-229
-295
510
-551
225
151
254
-505
655
-416
-40
652
621
-95
-255
604
-629
-142
-102
142
242
149
-545
159
-945
554
-144
-196
222
524
52
145
-656
292
-564
-525
405
-555
-252
-456
-505
-552
521
-655
-206
154
-90
-562
124
205
-292
-114
-914
-105
-524
-422
-625
-542
-246
-501
-441
19
162
-409
-254
946
-544
512
-244
-624
405
-520
166
454
524
-654
-295
440
-1000
-404
106
-255
22
-426
-242
-405
12
111
456
44
420
-152
-294
-494
-225
264
-424
-109
-901
-592
461
654
-2
695
422
-922
556
224
-524
925
-524
-654
-994
-241
-564
-562
446
922
-402
-162
244
-524
452
401
641
-954
444
-224
224
256
440
552
-219
-496
426
240
-906
496
-64
-452
-406
-542
-445
52
196
24
622
-499
556
451
655
-552
-255
-160
-614
-444
41
145
549
522
-992
-425
221
-159
-65
-250
-549
-265
540
-520
-4
240
552
-251
-109
-902
541
-912
502
199
-204
-59
-542
21
-526
591
-254
-591
164
-245
-265
-151
-242
145
-150
-242
-209
116
-952
-452
-146
-44
522
964
252
-695
441
-24
-241
-951
-916
-544
544
491
-1
-424
265
299
-590
-525
526
629
125
449
519
-940
-640
-220
-916
5
420
955
690
224
255
-562
-554
-52
-52
445
-104
-124
450
456
565
240
-545
-456
429
-556
422
-442
452
241
925
-465
-645
-546
-601
945
190
552
496
-546
224
522
255
-165
-569
441
944
-94
990
-294
-444
-40
-251
502
-542
2
-156
-62
524
-420
404
554
-494
146
26
-22
215
-195
-649
-202
-944
-156
-440
-544
-542
922
460
-424
559
-202
-599
442
-245
-140
-565
-554
954
-524
116
65
-292
-422
442
445
-129
604
-259
-101
904
254
-242
-295
550
-40
450
-444
425
154
656
-554
-192
-14
-52
-622
-91
46
545
-555
545
445
-600
-206
492
-654
26
-551
-565
-22
991
154
-442
-426
-549
-46
-602
251
444
-245
-212
224
-244
-542
62
-241
-594
-250
254
-120
-555
-114
562
-549
-212
24
-521
445
-94
905
-242
455
54
-225
-524
444
-200
440
-149
-125
556
-292
211
402
955
-225
-122
122
226
-120
-556
464
591
-149
-605
551
146
401
-545
-449
125
-91
142
-415
604
625
-451
-614
145
-51
-495
-960
495
292
114
-124
-494
119
-569
-562
456
-226
546
662
460
-540
-956
-426
25
-510
-250
520
-105
-454
622
260
-21
-549
22
-924
-549
551
225
45
411
222
462
212
-245
454
-425
-206
252
-262
-205
141
-545
665
461
-42
-916
512
215
-620
-416
-54
444
-246
-454
454
-92
-669
505
-645
-464
554
924
924
921
2
-651
494
-146
-425
-259
16
256
-62
-219
55
-662
-121
-610
-642
-619
-220
524
104
254
649
-452
-265
22
-95
-211
-552
649
-265
945
551
915
-194
424
161
914
561
201
-565
-201
-954
-259
262
512
-21
954
966
220
246
254
-246
-995
545
201
926
-559
642
652
-26
555
420
-495
492
-152
-510
-649
254
-414
452
-919
52
-50
-419
-24
-444
-140
-422
260
-249
144
-522
-404
-115
-226
-126
222
-420
-51
-466
-599
-250
445
-425
-256
-52
-122
-256
294
242
-556
511
620
-252
-429
521
455
-545
619
120
-524
656
14
-442
-212
-401
-614
124
64
-264
-524
-425
-554
-524
255
420
-149
524
-244
440
-199
295
-546
495
49
-521
222
544
99
566
144
519
221
442
-640
-505
-995
224
141
254
4
-942
995
450
564
-549
-251
-615
514
-649
-404
-605
-451
901
-554
595
404
-964
-15
-294
252
-192
-51
904
912
545
-259
622
-644
429
-246
92
105
-912
-421
544
509
-444
-65
100
941
592
652
-952
-929
509
45
552
29
422
555
424
-516
-120
56
495
-405
512
259
-262
552
-416
-454
-405
-522
-505
-552
-954
564
-444
-262
-654
144
594
545
-5
455
695
-142
-551
-954
-494
415
556
-929
-422
-949
-951
-555
22
151
-145
-150
259
266
-416
-94
115
-664
-120
-422
941
694
-255
-204
-9
42
464
520
-501
154
-664
449
-154
-245
449
-940
-555
244
-452
-420
-962
-601
-99
-206
-462
9
512
-16
-124
-615
142
905
-126
292
99
456
0
560
-515
51
-454
-442
629
-602
-961
-956
-525
-554
-224
-546
-456
-159
222
66
25
-419
-525
-249
-465
-692
-952
255
-255
-995
460
114
-651
-45
-450
225
-151
652
-241
-50
-442
-454
-622
655
512
246
-645
-525
-259
-550
-905
564
15
-911
-555
620
942
422
621
695
-215
629
-622
46
52
-244
514
-409
401
-46
665
424
225
-562
290
-504
-242
-692
425
-415
-524
520
692
444
491
654
561
-442
-446
-205
-296
-241
650
426
-942
-904
96
-592
-124
290
-455
-209
415
555
-662
655
-255
421
-291
-495
-254
-426
202
952
-254
-942
-254
414
-465
-494
-945
215
610
-421
-550
555
-15
-405
556
-244
-245
505
-24
24
-194
299
-952
225
-454
655
540
269
-650
-292
-449
-156
-215
459
-622
469
25
-606
559
-249
-94
-250
-424
164
542
252
512
255
-64
259
-950
-210
-194
549
-259
-269
-111
55
554
599
-412
-659
-54
-521
-555
-121
-242
-295
444
602
-500
2
-254
426
-522
425
-504
441
-59
426
622
624
16
-269
-666
156
455
429
-121
522
-616
961
224
522
192
-95
-455
-465
-445
-145
254
224
-54
965
-255
261
-266
-242
265
-229
-625
-242
610
941
265
624
554
552
250
-51
-545
255
445
629
556
-216
-956
516
-14
-255
616
-406
-200
504
416
-219
595
452
521
444
252
-595
104
222
-409
-202
-540
-220
-944
405
640
-665
-505
92
-506
142
420
-964
624
452
-605
4
426
-252
-545
-462
-490
-942
-145
192
-224
-644
-555
601
-610
-190
144
-461
-521
515
560
-559
-555
62
225
120
-520
-24
-445
-122
-295
-445
-959
-2
-69
-46
-445
200
-425
464
-141
652
-500
-292
55
945
-504
-145
615
112
622
-215
552
444
-655
-104
216
522
420
-454
905
-469
-920
249
-922
1000
621
-550
544
220
251
614
-249
-220
-422
544
415
-5
-229
410
-225
-965
454
544
450
-251
649
925
595
-250
519
111
525
-692
-466
-596
1000
-225
54
-240
-192
-449
164
146
-669
-201
-411
562
-945
452
166
56
900
-444
-490
-650
-596
-451
51
-622
-249
-151
-555
540
665
-606
42
-556
-642
-945
945
464
291
915
-252
-202
-649
460
245
554
466
-455
-501
229
422
-645
990
629
-564
425
-915
222
-52
-924
545
-254
551
425
521
-244
-490
460
546
952
519
-442
416
294
-69
-524
114
-255
290
-452
-514
522
49
446
-649
-555
259
-445
-924
-225
-654
452
5
452
-61
-460
25
625
224
261
-521
-544
-565
926
444
641
594
425
-242
-695
-459
462
-455
541
410
646
261
-549
441
-220
-595
-560
-415
959
991
54
441
555
-591
-551
625
-440
945
95
-424
