929
9023
4339
8473
6977
6538
7893
2927
7698
6852
8472
4421
5197
6508
4413
6741
4302
3198
6045
1616
4360
6566
8669
4289
6635
5935
9272
5978
5659
4960
1140
2128
5078
1596
3348
9595
6203
8417
7609
3865
1431
9818
9934
6041
7190
3913
2465
2038
4546
4388
8861
2786
3794
6784
7397
9389
6944
1884
7627
3462
7189
3624
9793
1197
4682
9695
9124
6124
6297
7459
7465
3704
9959
8474
2065
7141
2419
5140
5721
3117
4688
1325
6070
3274
5919
2168
2324
2186
7374
4498
5306
5673
2149
4971
3958
9753
9424
7877
9420
9998
7459
9865
4840
7019
7934
1558
1596
8956
5878
7229
7420
5299
6635
1238
3109
9692
1300
9067
1615
7934
2071
4590
3547
9717
9983
4784
7443
5417
6347
4563
4599
5264
4411
9268
5637
1476
6948
2169
8190
4731
9684
4870
9543
5997
6621
8885
9012
3466
9829
7546
5556
4828
7674
3332
6476
6140
3617
8214
1628
6634
4864
4676
8223
9189
1897
8940
9325
1964
6807
7544
8226
8210
9140
4127
3178
2570
3986
7934
2143
4672
5485
9377
7805
1890
3398
8584
1470
7986
1533
8906
9612
5463
1749
6003
8214
4986
1218
9573
3181
5676
6820
9993
9760
5884
5693
5012
2016
3196
9164
3177
4571
4947
3397
2510
9099
2367
5209
3252
1188
3396
2523
1628
9988
6734
6671
6091
5541
8640
9746
1601
9303
2707
9798
6524
3271
9271
5525
6254
9277
3481
9762
6685
1381
6475
5915
3651
1644
7102
9208
4983
2790
9483
6958
3429
3345
4021
9276
3469
2451
2893
1931
3334
5555
1400
5138
7332
8186
6347
1429
7790
6131
6615
8579
4958
7616
6184
8775
5206
3021
7114
8136
5874
5876
3841
2229
1457
6743
7051
5020
4608
7442
3162
6283
8772
6233
6385
5707
4241
3517
1273
6238
2018
8313
6937
9092
3991
9050
4377
3102
8237
3420
3246
5345
7072
4419
9597
5914
6168
6882
9754
2380
8354
2844
5009
8525
1308
3100
7355
4708
1637
2130
9931
2723
3052
7923
8867
3041
4853
7164
2845
2137
4607
3691
9241
6883
6365
5857
3736
6716
5131
8735
9420
6313
4481
1675
1552
6442
3969
2707
9372
6611
1307
2879
6978
7460
2282
7265
6771
5704
3289
5924
5818
9675
9198
2914
6546
5213
2884
7030
1733
6155
6264
3449
3459
4995
7124
8575
5308
3795
5087
2271
4315
6282
1585
2812
5185
4434
9508
8099
3550
8130
1918
8373
5123
9373
9578
9435
7050
1822
3362
9459
7501
1129
2330
5641
6385
1478
9514
8524
9657
7330
6344
5524
5621
3768
2253
9587
6736
9575
9377
5526
3869
4361
3651
6883
8872
4623
8161
3401
9161
4118
2792
5073
9950
7633
1533
2571
8345
7699
3304
5540
4818
9150
2141
8060
5889
6191
3905
3255
4441
8339
8438
5212
1626
2102
1287
1158
9487
6738
7280
6095
7628
6436
7397
1612
8021
6570
3167
3358
3506
2444
8881
4899
6673
7072
4657
2335
6021
7065
6805
6652
7238
7833
9339
4225
4909
2415
2967
7340
8061
6867
6210
8214
9218
1920
9717
5964
7602
1215
5704
1739
5235
8552
2519
3668
6076
7267
7138
2984
9251
2576
5793
2358
9441
6198
9281
7835
9740
7500
4186
2467
7902
5691
9888
2912
8704
1831
6146
2471
2440
1175
7355
8836
9640
7264
2362
4481
8702
7664
8974
3078
3142
6927
9435
5397
8763
8170
1680
6318
2224
1501
8502
5066
3925
5889
8279
5661
8464
8840
7203
1052
9878
1528
5666
9479
4652
9829
7239
5946
5113
6250
9655
2122
2886
2404
6911
2178
3311
3478
3881
2256
8317
9385
8532
9325
4790
1369
3960
5623
8788
8953
2432
9066
8387
8491
1374
4182
5436
8490
9272
7180
4904
9514
4379
1555
8752
7556
4242
7897
8112
6886
5269
4501
5966
6714
9690
2539
1111
2040
3143
6090
5426
5117
5995
5131
1173
5839
4873
5267
1366
9757
3187
3556
6591
6844
5672
8978
4109
1244
5288
5104
5662
1745
4960
6774
9574
5018
9543
5654
4679
8493
3674
9793
1900
8448
5977
6886
4467
3481
2623
1352
8966
7879
1614
4501
5448
8576
5573
8801
1201
8628
2101
7124
3574
4051
9438
7547
3701
2190
2816
4710
6112
2181
6031
4756
4501
2526
3892
6806
6405
8085
7663
4293
4791
2930
1153
6810
6921
5046
1712
1484
8730
1305
1748
9775
7133
8498
8822
1369
5582
6185
7975
2491
1514
9786
6011
2100
5552
7648
3528
2530
1560
5655
5559
4392
3994
4910
5459
8635
7668
1289
4332
1668
9636
1566
9308
3444
2287
1597
1006
5652
7674
1846
5822
8566
7241
8752
1201
8846
9287
1672
2343
1391
7197
8796
5162
1376
8579
7346
4325
3939
1654
8891
1571
2593
7967
8100
4686
6963
3410
3467
4056
8276
3265
2888
2124
1216
9801
2796
1605
8868
1488
5736
7544
1684
7508
3465
9266
5894
4932
1590
8222
1179
7179
7779
5698
6191
9163
5559
2240
2997
3506
6830
8728
7575
6388
7265
2818
3406
9364
3960
8024
2262
3293
2268
3431
6125
8958
8352
5159
8984
4364
8911
3729
7994
7602
9542
8915
6943
1085
6049
7077
5949
8851
8988
8887
9458
9727
2541
3324
7842
2049
3894
7083
1582
5392
1932
2215
8919
1293
4253
4219
5592
6061
6878
9884
7417
5822
9406
1449
3484
9585
6832
6833
9391
8303
4221
2174
8482
5504
7524
9805
7096
1142
6773
5959
8621
6377
9843
3243
8962
6409
8010
5361
7753
5588
8884
3146
1792
1229
1624
3484
1986
4633
4287
6440
7234
5388
6992
2928
8650
8604
3578
7814
6969
7917
2544
9515
5795
5407
5914
9299
7749
3994
4046
4258
5697
2465
7170
9967
